+------------------------------------------------------------------------------------------------------------------------------------------------------------------------------------------------------------------------+
; Legal Partition Candidates                                                                                                                                                                                             ;
+-------------------+-------+----------------+--------------+----------------+--------+-----------------+---------------+-----------------+-------+----------------+--------------+------------------+-------------------+
; Hierarchy         ; Input ; Constant Input ; Unused Input ; Floating Input ; Output ; Constant Output ; Unused Output ; Floating Output ; Bidir ; Constant Bidir ; Unused Bidir ; Input only Bidir ; Output only Bidir ;
+-------------------+-------+----------------+--------------+----------------+--------+-----------------+---------------+-----------------+-------+----------------+--------------+------------------+-------------------+
; adder_7           ; 192   ; 64             ; 0            ; 64             ; 128    ; 64              ; 64            ; 64              ; 0     ; 0              ; 0            ; 0                ; 0                 ;
; adder_6           ; 192   ; 1              ; 0            ; 1              ; 128    ; 1               ; 1             ; 1               ; 0     ; 0              ; 0            ; 0                ; 0                 ;
; adder_5           ; 192   ; 1              ; 0            ; 1              ; 128    ; 1               ; 1             ; 1               ; 0     ; 0              ; 0            ; 0                ; 0                 ;
; adder_4           ; 192   ; 1              ; 0            ; 1              ; 128    ; 1               ; 1             ; 1               ; 0     ; 0              ; 0            ; 0                ; 0                 ;
; adder_3           ; 192   ; 1              ; 0            ; 1              ; 128    ; 1               ; 1             ; 1               ; 0     ; 0              ; 0            ; 0                ; 0                 ;
; adder_2           ; 192   ; 1              ; 0            ; 1              ; 128    ; 1               ; 1             ; 1               ; 0     ; 0              ; 0            ; 0                ; 0                 ;
; adder_1           ; 192   ; 1              ; 0            ; 1              ; 128    ; 1               ; 1             ; 1               ; 0     ; 0              ; 0            ; 0                ; 0                 ;
; adder_0           ; 192   ; 1              ; 0            ; 1              ; 128    ; 1               ; 1             ; 1               ; 0     ; 0              ; 0            ; 0                ; 0                 ;
; level5_b[1].adder ; 192   ; 1              ; 0            ; 1              ; 128    ; 1               ; 1             ; 1               ; 0     ; 0              ; 0            ; 0                ; 0                 ;
; level5_b[0].adder ; 192   ; 1              ; 0            ; 1              ; 128    ; 1               ; 1             ; 1               ; 0     ; 0              ; 0            ; 0                ; 0                 ;
; level5_a[1].adder ; 192   ; 1              ; 0            ; 1              ; 128    ; 1               ; 1             ; 1               ; 0     ; 0              ; 0            ; 0                ; 0                 ;
; level5_a[0].adder ; 192   ; 1              ; 0            ; 1              ; 128    ; 1               ; 1             ; 1               ; 0     ; 0              ; 0            ; 0                ; 0                 ;
; level4_b[2].adder ; 192   ; 1              ; 0            ; 1              ; 128    ; 1               ; 1             ; 1               ; 0     ; 0              ; 0            ; 0                ; 0                 ;
; level4_b[1].adder ; 192   ; 1              ; 0            ; 1              ; 128    ; 1               ; 1             ; 1               ; 0     ; 0              ; 0            ; 0                ; 0                 ;
; level4_b[0].adder ; 192   ; 1              ; 0            ; 1              ; 128    ; 1               ; 1             ; 1               ; 0     ; 0              ; 0            ; 0                ; 0                 ;
; level4_a[2].adder ; 192   ; 1              ; 0            ; 1              ; 128    ; 1               ; 1             ; 1               ; 0     ; 0              ; 0            ; 0                ; 0                 ;
; level4_a[1].adder ; 192   ; 1              ; 0            ; 1              ; 128    ; 1               ; 1             ; 1               ; 0     ; 0              ; 0            ; 0                ; 0                 ;
; level4_a[0].adder ; 192   ; 1              ; 0            ; 1              ; 128    ; 1               ; 1             ; 1               ; 0     ; 0              ; 0            ; 0                ; 0                 ;
; adder             ; 192   ; 1              ; 0            ; 1              ; 128    ; 1               ; 1             ; 1               ; 0     ; 0              ; 0            ; 0                ; 0                 ;
; level3_b[3].adder ; 192   ; 1              ; 0            ; 1              ; 128    ; 1               ; 1             ; 1               ; 0     ; 0              ; 0            ; 0                ; 0                 ;
; level3_b[2].adder ; 192   ; 1              ; 0            ; 1              ; 128    ; 1               ; 1             ; 1               ; 0     ; 0              ; 0            ; 0                ; 0                 ;
; level3_b[1].adder ; 192   ; 1              ; 0            ; 1              ; 128    ; 1               ; 1             ; 1               ; 0     ; 0              ; 0            ; 0                ; 0                 ;
; level3_b[0].adder ; 192   ; 1              ; 0            ; 1              ; 128    ; 1               ; 1             ; 1               ; 0     ; 0              ; 0            ; 0                ; 0                 ;
; level3_a[3].adder ; 192   ; 1              ; 0            ; 1              ; 128    ; 1               ; 1             ; 1               ; 0     ; 0              ; 0            ; 0                ; 0                 ;
; level3_a[2].adder ; 192   ; 1              ; 0            ; 1              ; 128    ; 1               ; 1             ; 1               ; 0     ; 0              ; 0            ; 0                ; 0                 ;
; level3_a[1].adder ; 192   ; 1              ; 0            ; 1              ; 128    ; 1               ; 1             ; 1               ; 0     ; 0              ; 0            ; 0                ; 0                 ;
; level3_a[0].adder ; 192   ; 1              ; 0            ; 1              ; 128    ; 1               ; 1             ; 1               ; 0     ; 0              ; 0            ; 0                ; 0                 ;
; level2_b[6].adder ; 192   ; 1              ; 0            ; 1              ; 128    ; 1               ; 1             ; 1               ; 0     ; 0              ; 0            ; 0                ; 0                 ;
; level2_b[5].adder ; 192   ; 1              ; 0            ; 1              ; 128    ; 1               ; 1             ; 1               ; 0     ; 0              ; 0            ; 0                ; 0                 ;
; level2_b[4].adder ; 192   ; 1              ; 0            ; 1              ; 128    ; 1               ; 1             ; 1               ; 0     ; 0              ; 0            ; 0                ; 0                 ;
; level2_b[3].adder ; 192   ; 1              ; 0            ; 1              ; 128    ; 1               ; 1             ; 1               ; 0     ; 0              ; 0            ; 0                ; 0                 ;
; level2_b[2].adder ; 192   ; 1              ; 0            ; 1              ; 128    ; 1               ; 1             ; 1               ; 0     ; 0              ; 0            ; 0                ; 0                 ;
; level2_b[1].adder ; 192   ; 1              ; 0            ; 1              ; 128    ; 1               ; 1             ; 1               ; 0     ; 0              ; 0            ; 0                ; 0                 ;
; level2_b[0].adder ; 192   ; 1              ; 0            ; 1              ; 128    ; 1               ; 1             ; 1               ; 0     ; 0              ; 0            ; 0                ; 0                 ;
; level2_a[6].adder ; 192   ; 1              ; 0            ; 1              ; 128    ; 1               ; 1             ; 1               ; 0     ; 0              ; 0            ; 0                ; 0                 ;
; level2_a[5].adder ; 192   ; 1              ; 0            ; 1              ; 128    ; 1               ; 1             ; 1               ; 0     ; 0              ; 0            ; 0                ; 0                 ;
; level2_a[4].adder ; 192   ; 1              ; 0            ; 1              ; 128    ; 1               ; 1             ; 1               ; 0     ; 0              ; 0            ; 0                ; 0                 ;
; level2_a[3].adder ; 192   ; 1              ; 0            ; 1              ; 128    ; 1               ; 1             ; 1               ; 0     ; 0              ; 0            ; 0                ; 0                 ;
; level2_a[2].adder ; 192   ; 1              ; 0            ; 1              ; 128    ; 1               ; 1             ; 1               ; 0     ; 0              ; 0            ; 0                ; 0                 ;
; level2_a[1].adder ; 192   ; 1              ; 0            ; 1              ; 128    ; 1               ; 1             ; 1               ; 0     ; 0              ; 0            ; 0                ; 0                 ;
; level2_a[0].adder ; 192   ; 1              ; 0            ; 1              ; 128    ; 1               ; 1             ; 1               ; 0     ; 0              ; 0            ; 0                ; 0                 ;
; level1[20].adder  ; 192   ; 184            ; 0            ; 184            ; 128    ; 184             ; 184           ; 184             ; 0     ; 0              ; 0            ; 0                ; 0                 ;
; level1[19].adder  ; 192   ; 175            ; 0            ; 175            ; 128    ; 175             ; 175           ; 175             ; 0     ; 0              ; 0            ; 0                ; 0                 ;
; level1[18].adder  ; 192   ; 166            ; 0            ; 166            ; 128    ; 166             ; 166           ; 166             ; 0     ; 0              ; 0            ; 0                ; 0                 ;
; level1[17].adder  ; 192   ; 157            ; 0            ; 157            ; 128    ; 157             ; 157           ; 157             ; 0     ; 0              ; 0            ; 0                ; 0                 ;
; level1[16].adder  ; 192   ; 148            ; 0            ; 148            ; 128    ; 148             ; 148           ; 148             ; 0     ; 0              ; 0            ; 0                ; 0                 ;
; level1[15].adder  ; 192   ; 139            ; 0            ; 139            ; 128    ; 139             ; 139           ; 139             ; 0     ; 0              ; 0            ; 0                ; 0                 ;
; level1[14].adder  ; 192   ; 130            ; 0            ; 130            ; 128    ; 130             ; 130           ; 130             ; 0     ; 0              ; 0            ; 0                ; 0                 ;
; level1[13].adder  ; 192   ; 121            ; 0            ; 121            ; 128    ; 121             ; 121           ; 121             ; 0     ; 0              ; 0            ; 0                ; 0                 ;
; level1[12].adder  ; 192   ; 112            ; 0            ; 112            ; 128    ; 112             ; 112           ; 112             ; 0     ; 0              ; 0            ; 0                ; 0                 ;
; level1[11].adder  ; 192   ; 103            ; 0            ; 103            ; 128    ; 103             ; 103           ; 103             ; 0     ; 0              ; 0            ; 0                ; 0                 ;
; level1[10].adder  ; 192   ; 94             ; 0            ; 94             ; 128    ; 94              ; 94            ; 94              ; 0     ; 0              ; 0            ; 0                ; 0                 ;
; level1[9].adder   ; 192   ; 85             ; 0            ; 85             ; 128    ; 85              ; 85            ; 85              ; 0     ; 0              ; 0            ; 0                ; 0                 ;
; level1[8].adder   ; 192   ; 76             ; 0            ; 76             ; 128    ; 76              ; 76            ; 76              ; 0     ; 0              ; 0            ; 0                ; 0                 ;
; level1[7].adder   ; 192   ; 67             ; 0            ; 67             ; 128    ; 67              ; 67            ; 67              ; 0     ; 0              ; 0            ; 0                ; 0                 ;
; level1[6].adder   ; 192   ; 58             ; 0            ; 58             ; 128    ; 58              ; 58            ; 58              ; 0     ; 0              ; 0            ; 0                ; 0                 ;
; level1[5].adder   ; 192   ; 49             ; 0            ; 49             ; 128    ; 49              ; 49            ; 49              ; 0     ; 0              ; 0            ; 0                ; 0                 ;
; level1[4].adder   ; 192   ; 40             ; 0            ; 40             ; 128    ; 40              ; 40            ; 40              ; 0     ; 0              ; 0            ; 0                ; 0                 ;
; level1[3].adder   ; 192   ; 31             ; 0            ; 31             ; 128    ; 31              ; 31            ; 31              ; 0     ; 0              ; 0            ; 0                ; 0                 ;
; level1[2].adder   ; 192   ; 22             ; 0            ; 22             ; 128    ; 22              ; 22            ; 22              ; 0     ; 0              ; 0            ; 0                ; 0                 ;
; level1[1].adder   ; 192   ; 13             ; 0            ; 13             ; 128    ; 13              ; 13            ; 13              ; 0     ; 0              ; 0            ; 0                ; 0                 ;
; level1[0].adder   ; 192   ; 4              ; 0            ; 4              ; 128    ; 4               ; 4             ; 4               ; 0     ; 0              ; 0            ; 0                ; 0                 ;
+-------------------+-------+----------------+--------------+----------------+--------+-----------------+---------------+-----------------+-------+----------------+--------------+------------------+-------------------+
